dhry
zero: 0 0.000000 
ra: 500007 0.032894 
sp: 200004 0.013158 
gp: 2 0.000000 
tp: 0 0.000000 
t0: 1600097 0.105267 
t1: 600032 0.039475 
t2: 200004 0.013158 
fp: 13 0.000001 
s1: 4 0.000000 
a0: 1300021 0.085525 
a1: 900031 0.059211 
a2: 1900042 0.124999 
a3: 2100049 0.138157 
a4: 2600034 0.171050 
a5: 2100048 0.138157 
a6: 100007 0.006579 
a7: 200001 0.013158 
s2: 3 0.000000 
s3: 3 0.000000 
s4: 3 0.000000 
s5: 4 0.000000 
s6: 1 0.000000 
s7: 2 0.000000 
s8: 2 0.000000 
s9: 100003 0.006579 
s10: 200001 0.013158 
s11: 100001 0.006579 
t3: 200000 0.013158 
t4: 100000 0.006579 
t5: 100000 0.006579 
t6: 100000 0.006579 
src1 src2 in ax 0.708331 
src1 src2 dest in ax 0.616664 
src1 src2 dest in ax 0.733329 

zero: 0 0.000000 
ra: 118079 0.023332 
sp: 7294 0.001441 
gp: 2 0.000000 
tp: 0 0.000000 
t0: 2405 0.000475 
t1: 18883 0.003731 
t2: 88 0.000017 
fp: 80311 0.015869 
s1: 17150 0.003389 
a0: 844806 0.166931 
a1: 909163 0.179648 
a2: 985714 0.194774 
a3: 971116 0.191890 
a4: 351458 0.069447 
a5: 363209 0.071769 
a6: 66729 0.013185 
a7: 40450 0.007993 
s2: 20824 0.004115 
s3: 14852 0.002935 
s4: 12714 0.002512 
s5: 2243 0.000443 
s6: 1097 0.000217 
s7: 1692 0.000334 
s8: 2806 0.000554 
s9: 65864 0.013015 
s10: 68752 0.013585 
s11: 68686 0.013572 
t3: 23433 0.004630 
t4: 803 0.000159 
t5: 3 0.000001 
t6: 178 0.000035 
src1 src2 in ax 0.644120 
src1 src2 dest in ax 0.612943 
src1 src2 dest in ax 0.608590 

cjpeg
zero: 0 0.000000 
ra: 165153 0.003654 
sp: 52716 0.001166 
gp: 2 0.000000 
tp: 0 0.000000 
t0: 300285 0.006645 
t1: 1138666 0.025196 
t2: 338744 0.007496 
fp: 806411 0.017844 
s1: 2637661 0.058365 
a0: 3130263 0.069265 
a1: 1736719 0.038429 
a2: 3021957 0.066869 
a3: 6942012 0.153610 
a4: 3728933 0.082512 
a5: 7936241 0.175610 
a6: 1062980 0.023521 
a7: 1025332 0.022688 
s2: 1385609 0.030660 
s3: 1031192 0.022818 
s4: 608874 0.013473 
s5: 598714 0.013248 
s6: 998845 0.022102 
s7: 998083 0.022085 
s8: 1214959 0.026884 
s9: 957779 0.021193 
s10: 769933 0.017037 
s11: 526628 0.011653 
t3: 1105017 0.024451 
t4: 235978 0.005222 
t5: 202098 0.004472 
t6: 534657 0.011831 
src1 src2 in ax 0.572712 
src1 src2 dest in ax 0.508186 
src1 src2 dest in ax 0.455236 

sha-test
zero: 0 0.000000
ra: 18702 0.000265
sp: 33876 0.000480
gp: 2 0.000000
tp: 0 0.000000
t0: 3703112 0.052428
t1: 3920843 0.055510
t2: 3871229 0.054808
fp: 3149530 0.044590
s1: 1918921 0.027168
a0: 2821731 0.039949
a1: 1563689 0.022138
a2: 1629569 0.023071
a3: 2001178 0.028332
a4: 3060759 0.043334
a5: 7925017 0.112201
a6: 1828006 0.025880
a7: 2016056 0.028543
s2: 3147338 0.044559
s3: 2376775 0.033650
s4: 2179991 0.030864
s5: 1328294 0.018806
s6: 1655233 0.023434
s7: 2703768 0.038279
s8: 2244947 0.031783
s9: 1524366 0.021582
s10: 802922 0.011368
s11: 1245263 0.017630
t3: 3113262 0.044077
t4: 1622375 0.022969
t5: 3571963 0.050571
t6: 3653884 0.051731
src1 src2 in ax 0.287555
src1 src2 dest in ax 0.171879
src1 src2 dest in ax 0.166190

parset-125k
zero: 0 0.000000
ra: 402232 0.001549
sp: 220606 0.000849
gp: 2 0.000000
tp: 0 0.000000
t0: 54058 0.000208
t1: 128959 0.000497
t2: 87371 0.000336
fp: 3102453 0.011946
s1: 248554 0.000957
a0: 37891329 0.145901
a1: 720253 0.002773
a2: 2419722 0.009317
a3: 4031750 0.015524
a4: 83092993 0.319950
a5: 125850285 0.484587
a6: 182761 0.000704
a7: 159804 0.000615
s2: 210944 0.000812
s3: 102134 0.000393
s4: 62484 0.000241
s5: 65128 0.000251
s6: 31201 0.000120
s7: 175024 0.000674
s8: 26310 0.000101
s9: 31413 0.000121
s10: 5473 0.000021
s11: 28509 0.000110
t3: 200506 0.000772
t4: 89765 0.000346
t5: 54859 0.000211
t6: 29348 0.000113
src1 src2 in ax 0.803594
src1 src2 dest in ax 0.800937
src1 src2 dest in ax 0.802763
